      0/99     4.74G   0.06999   0.02552         0   0.09552        23       640   0.01012   0.04809  0.001358 0.0002254   0.09704   0.06395         0
      1/99     4.76G   0.06835   0.02516         0   0.09351        23       640  0.004555    0.1276 0.0008505 0.0001403   0.09673   0.06606         0
      2/99     4.76G   0.06785   0.02567         0   0.09352        48       640   0.02077    0.0454  0.003033 0.0004928   0.09834   0.06121         0
      3/99     4.76G   0.06656   0.02456         0   0.09112        73       640   0.02016    0.0454  0.004584 0.0007444   0.09174   0.06075         0
      4/99     4.76G   0.06454   0.02559         0   0.09013        42       640   0.06391     0.111   0.02232  0.004187   0.08715   0.06211         0
      5/99     4.76G    0.0623   0.02498         0   0.08727        11       640    0.1596    0.1383   0.07531   0.02167    0.0845   0.06554         0
      6/99     4.76G   0.06111   0.02479         0    0.0859        27       640     0.163    0.1303   0.06936   0.01744   0.08532   0.06125         0
      7/99     4.76G   0.05975   0.02353         0   0.08328         6       640    0.2138     0.214    0.1321    0.0348   0.08108   0.05842         0
      8/99     4.76G   0.05753   0.02337         0    0.0809         8       640    0.2818    0.2564    0.1739   0.04622   0.07972   0.06085         0
      9/99     4.76G   0.05518   0.02227         0   0.07745         3       640    0.3051    0.2625    0.2066    0.0572   0.07746   0.05866         0
     10/99     4.76G    0.0539   0.02222         0   0.07613        12       640    0.4101    0.3055    0.2705   0.08737   0.07668   0.06022         0
     11/99     4.76G   0.05289   0.02198         0   0.07486         9       640    0.3495    0.3254    0.2646   0.09069   0.07404   0.06067         0
     12/99     4.76G   0.05151   0.02092         0   0.07242        41       640    0.4568    0.3231    0.2984    0.1035   0.07212   0.06286         0
     13/99     4.76G   0.05069   0.02161         0    0.0723        18       640     0.486     0.351     0.333    0.1252   0.07204    0.0604         0
     14/99     4.76G   0.04954   0.02098         0   0.07052        25       640    0.5222     0.381    0.3644    0.1362   0.06911   0.06247         0
     15/99     4.76G   0.04918   0.02155         0   0.07073        21       640    0.5352    0.3766    0.3729    0.1431   0.06971    0.0619         0
     16/99     4.76G   0.04727   0.02112         0   0.06839         5       640    0.5723    0.4006    0.4121    0.1653   0.06759   0.06075         0
     17/99     4.76G   0.04742   0.02054         0   0.06796        23       640    0.5978    0.4092    0.4197     0.173   0.06732   0.06027         0
     18/99     4.76G   0.04598   0.02059         0   0.06657        11       640    0.5983    0.4164    0.4169    0.1692   0.06497   0.06231         0
     19/99     4.76G   0.04562   0.01978         0    0.0654        51       640    0.6318    0.3994    0.4307    0.1836   0.06588   0.06213         0
     20/99     4.76G   0.04533   0.02033         0   0.06566        17       640    0.6183    0.4392    0.4602    0.1958   0.06484    0.0626         0
     21/99     4.76G    0.0442   0.01982         0   0.06402        21       640    0.6627    0.4544    0.4857    0.2055   0.06285   0.06499         0
     22/99     4.76G   0.04473   0.01979         0   0.06452        11       640     0.636     0.442    0.4609    0.1996   0.06355    0.0624         0
     23/99     4.76G   0.04387   0.01953         0    0.0634        16       640    0.6444    0.4444    0.4664    0.2066   0.06221   0.06466         0
     24/99     4.76G   0.04313   0.02001         0   0.06314        11       640     0.655    0.4644     0.492    0.2195   0.06225   0.06531         0
     25/99     4.76G    0.0428   0.01945         0   0.06225        51       640    0.6554    0.4657    0.4844    0.2194   0.06131   0.06377         0
     26/99     4.76G    0.0429   0.01961         0   0.06251        20       640    0.6861    0.4697     0.501    0.2255   0.06011   0.06395         0
     27/99     4.76G   0.04205   0.01957         0   0.06163         9       640    0.7193    0.4511    0.4945    0.2261     0.061   0.06367         0
     28/99     4.76G   0.04165   0.01927         0   0.06093         3       640    0.6714    0.4954    0.5216    0.2386   0.05996   0.06261         0
     29/99     4.76G   0.04146   0.01958         0   0.06104        32       640    0.7108    0.4854    0.5259    0.2384   0.05915   0.06437         0
     30/99     4.76G   0.04078   0.01863         0   0.05941        15       640     0.706     0.482    0.5179    0.2443   0.05877   0.06513         0
     31/99     4.76G   0.04054   0.01852         0   0.05905         9       640    0.7001    0.4857    0.5201    0.2351   0.05725   0.06565         0
     32/99     4.76G   0.04047   0.01871         0   0.05919         6       640    0.7036    0.4966    0.5302    0.2491   0.05761   0.06625         0
     33/99     4.76G   0.04013   0.01871         0   0.05884         7       640    0.7242    0.4696    0.5244    0.2433   0.05852   0.06572         0
     34/99     4.76G   0.03995   0.01861         0   0.05856        99       640    0.6932    0.4978    0.5245    0.2498   0.05696   0.06513         0
     35/99     4.76G   0.03989   0.01864         0   0.05853         7       640    0.7048    0.4926     0.533    0.2524   0.05611   0.06569         0
     36/99     4.76G   0.03928   0.01856         0   0.05784        47       640    0.7136     0.515    0.5438    0.2626   0.05591   0.06718         0
     37/99     4.76G   0.03881   0.01847         0   0.05728         7       640    0.7388    0.5019    0.5491    0.2672   0.05467   0.06664         0
     38/99     4.76G   0.03844   0.01857         0   0.05701        29       640      0.75    0.4919    0.5397    0.2659   0.05642   0.06725         0
     39/99     4.76G   0.03826   0.01851         0   0.05677        19       640     0.772    0.4963    0.5519    0.2702   0.05531   0.06641         0
     40/99     4.76G   0.03814   0.01837         0   0.05651        55       640    0.7401    0.5202    0.5636    0.2771   0.05579   0.06611         0
     41/99     4.76G   0.03813   0.01823         0   0.05636        26       640    0.7582    0.4995    0.5593    0.2726   0.05517   0.06659         0
     42/99     4.76G   0.03734   0.01799         0   0.05533        48       640    0.7611    0.5183    0.5698    0.2805   0.05442   0.06671         0
     43/99     4.76G   0.03771   0.01843         0   0.05614        18       640    0.7604    0.5014    0.5466     0.276   0.05352   0.06782         0
     44/99     4.76G   0.03732   0.01812         0   0.05544        10       640    0.7695    0.5097    0.5631    0.2838   0.05289    0.0669         0
     45/99     4.76G   0.03696   0.01848         0   0.05544        10       640    0.7581    0.5252    0.5806    0.2918   0.05372   0.06711         0
     46/99     4.76G    0.0371   0.01802         0   0.05512        55       640     0.776    0.5094    0.5678    0.2896    0.0531   0.06764         0
     47/99     4.76G   0.03684   0.01826         0    0.0551        10       640    0.7679    0.5212    0.5669    0.2901   0.05134   0.06856         0
     48/99     4.76G   0.03653   0.01772         0   0.05425        12       640    0.7678    0.5293    0.5815     0.293   0.05179   0.06821         0
     49/99     4.76G    0.0362   0.01755         0   0.05376        33       640    0.7728    0.5257    0.5808    0.2991   0.05118   0.06801         0
     50/99     4.76G   0.03655   0.01781         0   0.05436         7       640    0.7804    0.5167    0.5735    0.2985   0.05136   0.06846         0
     51/99     4.76G   0.03606   0.01732         0   0.05338        22       640    0.7544    0.5351    0.5793    0.3023   0.05195   0.06865         0
     52/99     4.76G   0.03543    0.0177         0   0.05313        14       640    0.7567    0.5382    0.5862    0.3064   0.05076   0.06832         0
     53/99     4.76G   0.03535   0.01802         0   0.05337        13       640    0.7796     0.534    0.5837    0.3071     0.051   0.06983         0
     54/99     4.76G   0.03525   0.01766         0    0.0529        64       640    0.7818    0.5354    0.5887     0.313    0.0501   0.06823         0
     55/99     4.76G   0.03511   0.01792         0   0.05303        27       640    0.7756    0.5461    0.6025    0.3171   0.05022    0.0681         0
     56/99     4.76G   0.03519   0.01749         0   0.05268        13       640    0.7825    0.5368    0.5908    0.3146   0.05014   0.06863         0
     57/99     4.76G   0.03461    0.0173         0    0.0519        25       640    0.7943    0.5412    0.6034    0.3221   0.04918    0.0683         0
     58/99     4.76G    0.0351   0.01777         0   0.05287        11       640    0.7784    0.5493    0.6043    0.3218    0.0503   0.06705         0
     59/99     4.76G   0.03468   0.01748         0   0.05216        10       640     0.796    0.5325    0.5931    0.3215    0.0496   0.06818         0
     60/99     4.76G   0.03432   0.01757         0   0.05189         3       640    0.7803    0.5404     0.597    0.3229   0.04916   0.06775         0
     61/99     4.76G   0.03437   0.01736         0   0.05173        17       640    0.7957    0.5457    0.5962    0.3248   0.04831    0.0684         0
     62/99     4.76G   0.03391   0.01667         0   0.05058        12       640     0.784    0.5498    0.5976    0.3258   0.04885   0.06806         0
     63/99     4.76G   0.03421   0.01657         0   0.05078         7       640    0.8088    0.5391    0.6033    0.3309   0.04887     0.068         0
     64/99     4.76G   0.03373   0.01717         0   0.05091         9       640    0.7761    0.5538    0.6022    0.3324   0.04828   0.06844         0
     65/99     4.76G   0.03319   0.01726         0   0.05045        12       640    0.7856    0.5469    0.6017    0.3309   0.04812   0.06737         0
     66/99     4.76G   0.03357   0.01723         0    0.0508         9       640    0.7996    0.5479    0.6013    0.3341   0.04816   0.06821         0
     67/99     4.76G    0.0332   0.01741         0   0.05061        13       640    0.7893    0.5559    0.6042    0.3343   0.04838    0.0677         0
     68/99     4.76G   0.03325   0.01734         0   0.05059        13       640    0.7994    0.5475     0.607    0.3382   0.04809   0.06871         0
     69/99     4.76G   0.03323   0.01691         0   0.05014        40       640    0.8089    0.5439    0.6039    0.3381   0.04795   0.06764         0
     70/99     4.76G   0.03271   0.01688         0   0.04959        14       640    0.7949    0.5549    0.6078    0.3386    0.0479   0.06841         0
     71/99     4.76G   0.03309   0.01664         0   0.04973        59       640    0.8094    0.5437    0.5973    0.3379   0.04766   0.06889         0
     72/99     4.76G   0.03252   0.01695         0   0.04947        11       640    0.8049    0.5516    0.6109    0.3423   0.04751   0.06835         0
     73/99     4.76G   0.03201   0.01668         0    0.0487        22       640    0.8058    0.5512    0.6076    0.3412   0.04721   0.06809         0
     74/99     4.76G   0.03262   0.01679         0   0.04941        71       640    0.7967    0.5501    0.6085    0.3452     0.047   0.06775         0
     75/99     4.76G   0.03261   0.01718         0   0.04979        10       640    0.8084    0.5481    0.6086     0.344   0.04654   0.06827         0
     76/99     4.76G    0.0322   0.01642         0   0.04862        58       640    0.8206    0.5477    0.6084    0.3436   0.04673   0.06897         0
     77/99     4.76G   0.03199   0.01685         0   0.04884        24       640    0.8023    0.5625    0.6186    0.3489   0.04631   0.06771         0
     78/99     4.76G   0.03183   0.01692         0   0.04875        25       640     0.804    0.5601    0.6135    0.3489   0.04645   0.06781         0
     79/99     4.76G   0.03195   0.01685         0    0.0488         9       640    0.8015    0.5605    0.6148    0.3519   0.04596    0.0684         0
     80/99     4.76G   0.03126   0.01626         0   0.04752        12       640    0.8341    0.5396     0.607    0.3499   0.04642   0.06749         0
     81/99     4.76G   0.03127   0.01664         0   0.04791        58       640    0.8149     0.556    0.6208    0.3578   0.04577   0.06738         0
     82/99     4.76G    0.0314   0.01651         0   0.04791        14       640    0.8116     0.562    0.6202    0.3575   0.04592   0.06773         0
     83/99     4.76G   0.03138   0.01673         0   0.04811        17       640    0.8109    0.5564    0.6185    0.3559   0.04579   0.06736         0
     84/99     4.76G   0.03088   0.01675         0   0.04763         9       640    0.8006    0.5639    0.6167    0.3565   0.04556   0.06785         0
     85/99     4.76G   0.03064   0.01634         0   0.04698        13       640    0.8002    0.5668     0.618    0.3585   0.04537   0.06741         0
     86/99     4.76G   0.03094   0.01691         0   0.04785        15       640    0.7964    0.5647    0.6198    0.3596   0.04559   0.06727         0
     87/99     4.76G   0.03084   0.01662         0   0.04746        14       640    0.8059     0.564    0.6235    0.3609   0.04528   0.06626         0
     88/99     4.76G   0.03094   0.01585         0   0.04679         7       640    0.8088    0.5606    0.6183    0.3605   0.04557    0.0672         0
     89/99     4.76G   0.03107    0.0168         0   0.04787         5       640    0.8251    0.5556    0.6195      0.36   0.04523   0.06739         0
     90/99     4.76G   0.03024   0.01638         0   0.04662         7       640    0.8218    0.5556    0.6188    0.3599   0.04528   0.06734         0
     91/99     4.76G   0.03063   0.01588         0   0.04651         4       640     0.814    0.5592    0.6225    0.3657    0.0452   0.06668         0
     92/99     4.76G   0.03005   0.01635         0    0.0464         4       640    0.8113    0.5661     0.628    0.3655   0.04536   0.06711         0
     93/99     4.76G   0.03047   0.01618         0   0.04664         4       640    0.8175    0.5562    0.6195    0.3629    0.0454    0.0672         0
     94/99     4.76G    0.0299   0.01614         0   0.04604        29       640    0.7961    0.5702    0.6212    0.3646   0.04542   0.06716         0
     95/99     4.76G   0.03029   0.01592         0   0.04621        15       640    0.8108    0.5641    0.6227    0.3672   0.04536   0.06643         0
     96/99     4.76G   0.03046   0.01662         0   0.04708        13       640    0.8151    0.5625    0.6227    0.3647   0.04508   0.06616         0
     97/99     4.76G   0.02996   0.01601         0   0.04596        13       640     0.811    0.5659    0.6194    0.3643   0.04505   0.06662         0
     98/99     4.76G   0.03019    0.0159         0   0.04609        36       640     0.814    0.5668    0.6258     0.369   0.04496   0.06674         0
     99/99     4.76G   0.02995   0.01652         0   0.04647        38       640    0.8207      0.56    0.6232     0.367   0.04483   0.06714         0
