      0/99     4.74G   0.07033   0.02527         0   0.09559        23       640    0.0128   0.03992  0.001775 0.0003544    0.1172   0.04436         0
      1/99     4.76G   0.06827    0.0251         0   0.09337        23       640  0.007297   0.02596 0.0008413 0.0001265   0.09839   0.06396         0
      2/99     4.76G   0.06728   0.02575         0   0.09302        48       640   0.05625   0.08615   0.01082   0.00197   0.09619   0.05883         0
      3/99     4.76G   0.06494   0.02521         0   0.09015        73       640   0.03436   0.05678  0.007786  0.001217   0.08948   0.06134         0
      4/99     4.76G   0.06297   0.02538         0   0.08835        42       640   0.04838   0.09339   0.01282  0.002303   0.08913   0.06744         0
      5/99     4.76G   0.06282   0.02372         0   0.08654        11       640    0.1162    0.1492   0.04695   0.01063   0.08419   0.06171         0
      6/99     4.76G   0.06148   0.02375         0   0.08523        27       640    0.1118    0.2235   0.04654   0.01055   0.08269    0.1856         0
      7/99     4.76G    0.0599   0.02252         0   0.08242         6       640    0.2199    0.1951    0.1137   0.02872   0.07937    0.0636         0
      8/99     4.76G    0.0579   0.02257         0   0.08047         8       640    0.1776    0.2126   0.09391   0.02206   0.08074   0.06384         0
      9/99     4.76G    0.0564   0.02152         0   0.07792         3       640    0.1741    0.2491   0.09017    0.0222   0.07945   0.06876         0
     10/99     4.76G   0.05539   0.02172         0    0.0771        12       640    0.2955    0.2941    0.1836   0.05197   0.07712   0.06472         0
     11/99     4.76G   0.05416   0.02147         0   0.07563         9       640     0.428    0.3107    0.2779   0.09195   0.07378   0.06053         0
     12/99     4.76G   0.05285   0.02043         0   0.07327        41       640    0.4367    0.3347    0.2931   0.09112   0.07203   0.06272         0
     13/99     4.76G   0.05214   0.02083         0   0.07298        18       640     0.461    0.3343    0.2752   0.09417   0.07081   0.06415         0
     14/99     4.76G   0.05098   0.02057         0   0.07155        25       640    0.4994    0.3497    0.3278    0.1186   0.06944   0.06196         0
     15/99     4.76G   0.05068   0.02096         0   0.07164        21       640    0.4901    0.3649    0.3413    0.1211   0.07045   0.05933         0
     16/99     4.76G    0.0493   0.02067         0   0.06997         5       640    0.5667     0.361     0.367    0.1427   0.06786   0.06023         0
     17/99     4.76G   0.04933   0.02026         0   0.06959        23       640      0.54     0.384    0.3709     0.143    0.0683   0.05985         0
     18/99     4.76G   0.04831   0.02027         0   0.06858        11       640    0.5929    0.3782    0.3894    0.1517   0.06872   0.06029         0
     19/99     4.76G    0.0478   0.01957         0   0.06738        51       640    0.6093    0.3789    0.3995    0.1584   0.06724   0.06168         0
     20/99     4.76G   0.04746   0.02019         0   0.06765        17       640    0.5844    0.4154    0.4199    0.1653   0.06621   0.06029         0
     21/99     4.76G   0.04642   0.01961         0   0.06604        21       640    0.6329    0.3995    0.4198    0.1695   0.06522   0.06185         0
     22/99     4.76G   0.04686   0.01944         0   0.06631        11       640    0.6412    0.4025    0.4212    0.1611   0.06556   0.05958         0
     23/99     4.76G   0.04657   0.01937         0   0.06594        16       640     0.644    0.3774    0.4103    0.1721   0.06585   0.05983         0
     24/99     4.76G   0.04581   0.02015         0   0.06596        11       640    0.6643    0.4088    0.4297    0.1744   0.06338   0.06136         0
     25/99     4.76G   0.04535   0.01936         0    0.0647        51       640    0.6361    0.4329    0.4425    0.1914   0.06363   0.06143         0
     26/99     4.76G   0.04508   0.01954         0   0.06462        20       640    0.6673    0.4218    0.4557    0.1929   0.06323   0.06059         0
     27/99     4.76G   0.04406   0.01948         0   0.06354         9       640    0.6931    0.4235    0.4541    0.1948   0.06352   0.06196         0
     28/99     4.76G   0.04413   0.01913         0   0.06326         3       640     0.685    0.4311    0.4698    0.2067   0.06182   0.06208         0
     29/99     4.76G   0.04394   0.01938         0   0.06333        32       640     0.661    0.4618    0.4764    0.2124   0.06254   0.06066         0
     30/99     4.76G   0.04272   0.01858         0   0.06129        15       640    0.6896    0.4561    0.4858    0.2147   0.06173   0.06128         0
     31/99     4.76G   0.04301   0.01841         0   0.06142         9       640    0.6764    0.4421    0.4733    0.2114   0.06065   0.06218         0
     32/99     4.76G   0.04272   0.01871         0   0.06143         6       640    0.6831    0.4571    0.4838    0.2186   0.06053   0.06254         0
     33/99     4.76G   0.04234   0.01871         0   0.06105         7       640    0.6677    0.4821    0.4991    0.2226   0.06146    0.0606         0
     34/99     4.76G   0.04218   0.01839         0   0.06057        99       640    0.7231    0.4576    0.5003    0.2259   0.06056    0.0619         0
     35/99     4.76G   0.04174    0.0186         0   0.06034         7       640    0.6957    0.4646    0.4955    0.2303   0.05909    0.0624         0
     36/99     4.76G   0.04132    0.0185         0   0.05983        47       640    0.7425    0.4638    0.5117    0.2364    0.0592    0.0614         0
     37/99     4.76G   0.04123   0.01835         0   0.05958         7       640    0.6823    0.4882    0.5137    0.2384    0.0586   0.06322         0
     38/99     4.76G   0.04075   0.01853         0   0.05928        29       640    0.7184     0.467    0.5053    0.2363   0.05946   0.06313         0
     39/99     4.76G   0.04079   0.01837         0   0.05916        19       640    0.7092    0.4872     0.522    0.2422   0.05825   0.06358         0
     40/99     4.76G   0.04043   0.01837         0    0.0588        55       640    0.7224    0.4868     0.525    0.2444   0.05917   0.06228         0
     41/99     4.76G   0.04046   0.01821         0   0.05867        26       640    0.6998    0.4904    0.5256    0.2444   0.05885   0.06204         0
     42/99     4.76G   0.03949   0.01807         0   0.05755        48       640    0.7404     0.484    0.5297    0.2483    0.0591   0.06187         0
     43/99     4.76G   0.04112   0.01872         0   0.05984        18       640    0.7079    0.4655    0.4989    0.2336   0.05956   0.06304         0
     44/99     4.76G   0.04026   0.01838         0   0.05864        10       640    0.7129    0.4959    0.5281    0.2544   0.05835   0.06081         0
     45/99     4.76G   0.03994   0.01859         0   0.05852        10       640    0.7221    0.4923    0.5303    0.2528    0.0583   0.06215         0
     46/99     4.76G   0.03972   0.01807         0    0.0578        55       640    0.7257    0.4946    0.5375    0.2547    0.0576     0.063         0
     47/99     4.76G   0.03948   0.01828         0   0.05776        10       640    0.7266    0.4986    0.5395    0.2581   0.05816   0.06293         0
     48/99     4.76G   0.03918   0.01772         0   0.05689        12       640    0.7402    0.5016    0.5431     0.262   0.05804    0.0623         0
     49/99     4.76G   0.03895   0.01757         0   0.05652        33       640    0.7463    0.4989    0.5468    0.2689   0.05723    0.0627         0
     50/99     4.76G    0.0391   0.01784         0   0.05695         7       640    0.7159    0.5001    0.5363    0.2612   0.05875   0.06148         0
     51/99     4.76G   0.03855   0.01728         0   0.05583        22       640    0.7451    0.4959    0.5435    0.2692   0.05766   0.06301         0
     52/99     4.76G   0.03816   0.01783         0     0.056        14       640    0.7694    0.4864    0.5491    0.2698   0.05808   0.06129         0
     53/99     4.76G   0.03801   0.01808         0   0.05609        13       640    0.7635    0.4966    0.5466    0.2716    0.0571   0.06241         0
     54/99     4.76G    0.0377   0.01768         0   0.05538        64       640     0.756    0.5078    0.5482     0.274   0.05703   0.06238         0
     55/99     4.76G    0.0375   0.01799         0   0.05549        27       640    0.7613    0.5043    0.5522    0.2757   0.05613   0.06258         0
     56/99     4.76G   0.03763   0.01746         0    0.0551        13       640    0.7604    0.4982    0.5454    0.2769   0.05639    0.0635         0
     57/99     4.76G   0.03714   0.01734         0   0.05448        25       640    0.7621    0.5052    0.5527    0.2789   0.05609   0.06296         0
     58/99     4.76G   0.03734   0.01779         0   0.05512        11       640    0.7756    0.5009    0.5541    0.2791   0.05701   0.06062         0
     59/99     4.76G   0.03713   0.01751         0   0.05463        10       640    0.7522    0.5094     0.559    0.2817   0.05672   0.06138         0
     60/99     4.76G   0.03691    0.0175         0   0.05441         3       640    0.7746    0.5012    0.5515    0.2834   0.05611   0.06215         0
     61/99     4.76G   0.03681   0.01731         0   0.05412        17       640    0.7642    0.5064    0.5639    0.2874   0.05595    0.0619         0
     62/99     4.76G   0.03646   0.01664         0    0.0531        12       640     0.772    0.5133    0.5615    0.2882   0.05572   0.06263         0
     63/99     4.76G   0.03667    0.0166         0   0.05327         7       640      0.75     0.524    0.5644    0.2905   0.05533   0.06251         0
     64/99     4.76G   0.03625   0.01718         0   0.05343         9       640    0.7723    0.5121    0.5572    0.2884   0.05581   0.06206         0
     65/99     4.76G   0.03564   0.01743         0   0.05307        12       640    0.7967    0.5003    0.5606    0.2926   0.05561   0.06169         0
     66/99     4.76G   0.03605   0.01728         0   0.05333         9       640    0.7697     0.511    0.5658    0.2932   0.05537   0.06153         0
     67/99     4.76G   0.03552   0.01747         0     0.053        13       640    0.7545    0.5178    0.5622    0.2946   0.05523   0.06214         0
     68/99     4.76G   0.03588   0.01748         0   0.05336        13       640    0.7691    0.5202    0.5652    0.2935   0.05547   0.06279         0
     69/99     4.76G   0.03587   0.01701         0   0.05288        40       640    0.7932    0.5104     0.565     0.299   0.05459   0.06327         0
     70/99     4.76G   0.03536     0.017         0   0.05236        14       640    0.7996    0.5112    0.5673    0.2988   0.05438   0.06315         0
     71/99     4.76G   0.03574   0.01674         0   0.05248        59       640    0.7836    0.5233    0.5725    0.3017   0.05367   0.06343         0
     72/99     4.76G   0.03508   0.01697         0   0.05205        11       640    0.7731    0.5152    0.5625    0.2994   0.05431   0.06232         0
     73/99     4.76G   0.03465   0.01686         0   0.05151        22       640     0.761    0.5389    0.5733    0.3044   0.05333   0.06363         0
     74/99     4.76G    0.0351   0.01694         0   0.05204        71       640    0.7812    0.5278    0.5776    0.3098   0.05337   0.06252         0
     75/99     4.76G   0.03508   0.01724         0   0.05232        10       640      0.77    0.5315     0.579    0.3088    0.0531    0.0633         0
     76/99     4.76G   0.03461   0.01645         0   0.05106        58       640    0.7855    0.5187     0.577    0.3065   0.05294    0.0631         0
     77/99     4.76G   0.03455   0.01695         0    0.0515        24       640    0.7757    0.5281    0.5812    0.3091   0.05243   0.06343         0
     78/99     4.76G   0.03458   0.01707         0   0.05166        25       640    0.7614    0.5297    0.5709    0.3049   0.05314   0.06359         0
     79/99     4.76G   0.03479   0.01699         0   0.05178         9       640    0.8011    0.5183    0.5796    0.3129   0.05273   0.06317         0
     80/99     4.76G     0.034    0.0163         0    0.0503        12       640    0.7798    0.5265     0.574    0.3084    0.0527   0.06327         0
     81/99     4.76G     0.034   0.01681         0   0.05082        58       640    0.7523    0.5377    0.5754    0.3107   0.05259   0.06322         0
     82/99     4.76G   0.03415   0.01665         0    0.0508        14       640    0.7668    0.5358    0.5816     0.315   0.05237   0.06325         0
     83/99     4.76G   0.03407   0.01682         0   0.05089        17       640     0.771    0.5366    0.5826    0.3152   0.05206   0.06334         0
     84/99     4.76G   0.03353   0.01699         0   0.05052         9       640    0.7714    0.5414    0.5867    0.3181   0.05172   0.06299         0
     85/99     4.76G   0.03335   0.01642         0   0.04977        13       640     0.784     0.536    0.5833    0.3177   0.05135   0.06315         0
     86/99     4.76G   0.03374   0.01693         0   0.05068        15       640    0.7961    0.5275    0.5804    0.3197   0.05126   0.06343         0
     87/99     4.76G   0.03352   0.01673         0   0.05024        14       640    0.7785    0.5457    0.5943    0.3224   0.05116    0.0633         0
     88/99     4.76G   0.03356   0.01599         0   0.04955         7       640     0.779    0.5412    0.5878    0.3211   0.05137   0.06293         0
     89/99     4.76G   0.03376   0.01683         0   0.05059         5       640     0.797    0.5372    0.5925    0.3241   0.05167   0.06227         0
     90/99     4.76G   0.03289   0.01655         0   0.04944         7       640    0.7782    0.5469    0.5909    0.3223   0.05148    0.0629         0
     91/99     4.76G   0.03326   0.01602         0   0.04927         4       640    0.7717    0.5401    0.5884    0.3208   0.05128   0.06344         0
     92/99     4.76G   0.03267   0.01649         0   0.04915         4       640    0.7957    0.5387    0.5924    0.3255   0.05124   0.06338         0
     93/99     4.76G   0.03304   0.01623         0   0.04926         4       640    0.7787    0.5433    0.5921    0.3241   0.05117   0.06383         0
     94/99     4.76G    0.0327   0.01633         0   0.04903        29       640    0.7886    0.5374      0.59    0.3252   0.05077   0.06351         0
     95/99     4.76G   0.03287   0.01607         0   0.04894        15       640    0.8041    0.5307    0.5865    0.3268   0.05071   0.06421         0
     96/99     4.76G   0.03314   0.01669         0   0.04983        13       640    0.7816    0.5421    0.5917    0.3281   0.05092   0.06306         0
     97/99     4.76G   0.03273   0.01606         0   0.04879        13       640    0.7649    0.5521     0.592    0.3284   0.05084   0.06322         0
     98/99     4.76G   0.03285    0.0161         0   0.04895        36       640    0.8197     0.526    0.5916    0.3292   0.05124   0.06275         0
     99/99     4.76G    0.0327   0.01676         0   0.04946        38       640     0.781    0.5444    0.5915    0.3292   0.05085   0.06297         0
