     0/199     7.63G   0.07717   0.04594         0    0.1231        94       640   0.04097   0.02555   0.00328 0.0007483    0.1156    0.1154         0
     1/199     7.55G   0.07483   0.04961         0    0.1244        89       640    0.0121   0.03847   0.00146 0.0002393      0.11    0.1142         0
     2/199     7.55G   0.07349   0.05154         0     0.125        86       640  0.007545   0.03703 0.0008973 0.0001511    0.1036    0.1228         0
     3/199     7.55G   0.07053   0.05034         0    0.1209        66       640   0.07085    0.1014   0.01687  0.003396    0.0957    0.1208         0
     4/199     7.55G   0.06613   0.05078         0    0.1169       161       640    0.1925    0.1001   0.06465    0.0156   0.09323    0.1159         0
     5/199     7.55G   0.06204   0.04976         0    0.1118        79       640    0.2269    0.1993     0.132   0.03275   0.08852    0.1102         0
     6/199     7.55G   0.05816    0.0515         0    0.1097        36       640    0.3157    0.1916    0.1518   0.04498   0.08916    0.1205         0
     7/199     7.55G    0.0563   0.04999         0    0.1063       108       640    0.4673    0.3062    0.2927   0.08909   0.08064    0.1051         0
     8/199     7.55G   0.05361   0.04869         0    0.1023        93       640    0.5374    0.3117    0.3087   0.09784   0.08101    0.1032         0
     9/199     7.55G   0.05144   0.04803         0   0.09947        46       640    0.6182    0.3446    0.3743     0.132   0.07883     0.105         0
    10/199     7.55G   0.04989   0.04559         0   0.09548        54       640      0.58    0.4102    0.4176     0.157   0.07634    0.1053         0
    11/199     7.55G   0.04831   0.04687         0   0.09518       140       640    0.6258    0.4105    0.4315    0.1778   0.07452    0.1086         0
    12/199     7.55G   0.04689   0.04462         0   0.09151        21       640    0.6576     0.425    0.4497    0.1792   0.07334    0.1121         0
    13/199     7.55G   0.04577   0.04451         0   0.09029        21       640    0.6446    0.4189    0.4537    0.1893   0.07316    0.1136         0
    14/199     7.55G   0.04494   0.04533         0   0.09027       152       640     0.669    0.4299    0.4633    0.1958   0.07041    0.1154         0
    15/199     7.55G   0.04393   0.04271         0   0.08664        25       640    0.6612    0.4523    0.4756    0.2031   0.07146    0.1116         0
    16/199     7.55G   0.04361   0.04284         0   0.08646        40       640    0.7132    0.4436     0.483    0.2072   0.06931    0.1161         0
    17/199     7.55G   0.04261   0.04239         0   0.08501        33       640    0.6846    0.4616    0.4956    0.2199   0.06913    0.1136         0
    18/199     7.55G   0.04207   0.04105         0   0.08312       124       640    0.6995    0.4796    0.4973    0.2232   0.06672    0.1217         0
    19/199     7.55G   0.04207   0.04153         0    0.0836       115       640      0.72    0.4742    0.4997    0.2284   0.06675    0.1224         0
    20/199     7.55G   0.04148   0.04112         0   0.08261        55       640    0.7495    0.4645    0.5132    0.2442   0.06607    0.1234         0
    21/199     7.55G   0.04122   0.04128         0   0.08251        26       640    0.7317     0.476     0.506    0.2398   0.06608    0.1288         0
    22/199     7.55G   0.04094   0.03962         0   0.08056        35       640    0.7238    0.4702    0.5089    0.2384    0.0659    0.1237         0
    23/199     7.55G   0.04018   0.03978         0   0.07996        72       640    0.7365    0.4818     0.514    0.2359   0.06592    0.1282         0
    24/199     7.55G   0.03986    0.0403         0   0.08016        88       640    0.7215    0.4974    0.5218    0.2355   0.06647    0.1213         0
    25/199     7.55G   0.03965   0.03993         0   0.07958        91       640    0.7653    0.4952    0.5392    0.2532   0.06486    0.1307         0
    26/199     7.55G    0.0391   0.03897         0   0.07807        26       640    0.7451    0.4926    0.5306    0.2583   0.06289    0.1305         0
    27/199     7.55G   0.03902   0.03898         0     0.078        25       640    0.7591    0.5024    0.5381    0.2603   0.06293    0.1326         0
    28/199     7.55G   0.03909   0.03972         0   0.07881        44       640    0.7504    0.5237    0.5648    0.2702   0.06292    0.1256         0
    29/199     7.55G   0.03834   0.03933         0   0.07768       124       640     0.767    0.5157    0.5585    0.2737   0.06238    0.1329         0
    30/199     7.55G   0.03815   0.03943         0   0.07758        87       640    0.7651    0.5148    0.5563    0.2752   0.06165    0.1352         0
    31/199     7.55G   0.03773   0.03863         0   0.07636        77       640    0.7791    0.5045    0.5573    0.2759   0.06096    0.1345         0
    32/199     7.55G    0.0374   0.03818         0   0.07558        84       640     0.771    0.5179    0.5581    0.2826   0.06027    0.1377         0
    33/199     7.55G    0.0371   0.03879         0   0.07589        78       640    0.7688    0.5227    0.5633    0.2843   0.06229    0.1384         0
    34/199     7.55G   0.03694   0.03855         0   0.07549        39       640    0.7734    0.5209    0.5615    0.2855   0.06217    0.1325         0
    35/199     7.55G   0.03696   0.03875         0   0.07571        49       640    0.7975    0.5154    0.5642    0.2836   0.06151    0.1421         0
    36/199     7.55G   0.03661   0.03677         0   0.07338        40       640    0.8207    0.5089    0.5647    0.2866   0.06032    0.1424         0
    37/199     7.55G   0.03635   0.03734         0    0.0737        75       640     0.775    0.5232    0.5648    0.2911   0.06097    0.1384         0
    38/199     7.55G   0.03598   0.03747         0   0.07345        51       640    0.7874    0.5263     0.579    0.3011   0.06053    0.1377         0
    39/199     7.55G   0.03575   0.03799         0   0.07374        42       640    0.7723    0.5399    0.5898    0.3049   0.06012    0.1398         0
    40/199     7.55G   0.03558   0.03724         0   0.07282        36       640    0.7894    0.5365    0.5785    0.3044   0.06027    0.1451         0
    41/199     7.55G   0.03525   0.03751         0   0.07276        83       640     0.796    0.5311    0.5808    0.3064   0.05928    0.1436         0
    42/199     7.55G   0.03552   0.03768         0    0.0732        61       640    0.8165    0.5182    0.5731    0.3065   0.05958    0.1475         0
    43/199     7.55G   0.03507   0.03757         0   0.07265        32       640    0.7861    0.5465    0.5957    0.3103   0.05981    0.1462         0
    44/199     7.55G   0.03516   0.03576         0   0.07092        29       640    0.8057    0.5278    0.5796    0.3044   0.05951    0.1477         0
    45/199     7.55G   0.03476   0.03668         0   0.07143        46       640    0.8186    0.5308    0.5912    0.3118   0.05956    0.1397         0
    46/199     7.55G   0.03481   0.03614         0   0.07094        74       640    0.8174    0.5319    0.5789    0.3105   0.05903    0.1488         0
    47/199     7.55G    0.0347   0.03647         0   0.07117        78       640    0.7988    0.5359    0.5902    0.3189   0.05913      0.15         0
    48/199     7.55G   0.03428   0.03636         0   0.07064        55       640    0.8063    0.5338    0.5857     0.319   0.05783    0.1496         0
    49/199     7.55G   0.03477   0.03704         0   0.07181       109       640     0.833     0.533    0.5992    0.3236   0.05749    0.1481         0
    50/199     7.55G    0.0342   0.03661         0   0.07081        61       640     0.831    0.5258    0.5908    0.3207   0.05853    0.1537         0
    51/199     7.55G   0.03388   0.03654         0   0.07042       102       640    0.7858    0.5609    0.6084     0.326   0.05881    0.1494         0
    52/199     7.55G   0.03365   0.03626         0   0.06991        97       640    0.7935    0.5503     0.593    0.3204    0.0587    0.1581         0
    53/199     7.55G   0.03367   0.03615         0   0.06982        49       640    0.8098    0.5383    0.5821    0.3227   0.05725    0.1525         0
    54/199     7.55G   0.03326   0.03616         0   0.06941        87       640    0.8071    0.5509    0.6009    0.3297   0.05734    0.1545         0
    55/199     7.55G   0.03338   0.03645         0   0.06983        54       640    0.8155    0.5449    0.5957    0.3247   0.05736    0.1557         0
    56/199     7.55G   0.03273    0.0358         0   0.06853        85       640    0.7726    0.5606    0.6063    0.3312   0.05739    0.1533         0
    57/199     7.55G   0.03347   0.03608         0   0.06955        56       640    0.8067    0.5558    0.6117     0.337   0.05712    0.1503         0
    58/199     7.55G   0.03283   0.03557         0   0.06839        30       640    0.8107    0.5448    0.5934    0.3297     0.057    0.1537         0
    59/199     7.55G   0.03285   0.03638         0   0.06923        53       640    0.7939    0.5543    0.6047    0.3374   0.05764     0.157         0
    60/199     7.55G   0.03299   0.03526         0   0.06825        30       640    0.8153    0.5462    0.6039    0.3389   0.05738    0.1534         0
    61/199     7.55G   0.03264   0.03465         0    0.0673        85       640    0.7936    0.5591    0.6048    0.3376   0.05684    0.1532         0
    62/199     7.55G   0.03255   0.03556         0   0.06811        36       640    0.7882     0.563    0.6038    0.3349    0.0576    0.1534         0
    63/199     7.55G   0.03294    0.0351         0   0.06804        30       640    0.8006    0.5572    0.6034    0.3404   0.05691    0.1547         0
    64/199     7.55G   0.03264   0.03551         0   0.06815        70       640    0.8117    0.5538    0.6049    0.3427    0.0575     0.156         0
    65/199     7.55G   0.03224   0.03519         0   0.06743        32       640    0.8216    0.5526    0.6101    0.3432   0.05737    0.1546         0
    66/199     7.55G   0.03199   0.03562         0   0.06761        36       640    0.8038    0.5599    0.6099    0.3425   0.05708    0.1575         0
    67/199     7.55G   0.03212    0.0356         0   0.06772       109       640    0.8266     0.556    0.6174    0.3491    0.0566    0.1544         0
    68/199     7.55G   0.03162   0.03516         0   0.06678        47       640    0.8256    0.5526    0.6042    0.3466   0.05675    0.1631         0
    69/199     7.55G   0.03174   0.03457         0   0.06632        83       640    0.8273    0.5572    0.6151    0.3511   0.05698    0.1568         0
    70/199     7.55G   0.03181   0.03449         0    0.0663        54       640    0.8362     0.545    0.6028    0.3506   0.05672    0.1593         0
    71/199     7.55G   0.03157   0.03443         0   0.06599       153       640    0.8184     0.557    0.6138    0.3528   0.05595    0.1585         0
    72/199     7.55G    0.0316   0.03505         0   0.06665        74       640    0.8144    0.5607    0.6044     0.353   0.05564    0.1645         0
    73/199     7.55G   0.03121   0.03347         0   0.06468        45       640    0.8259    0.5638    0.6101    0.3564   0.05612    0.1635         0
    74/199     7.55G   0.03127   0.03475         0   0.06602       105       640    0.8337    0.5542    0.6064    0.3528   0.05616    0.1584         0
    75/199     7.55G   0.03113   0.03438         0   0.06551        70       640    0.8259    0.5616    0.6083    0.3546   0.05588    0.1595         0
    76/199     7.55G   0.03083   0.03392         0   0.06475        46       640    0.8294    0.5546    0.6074    0.3562   0.05615    0.1646         0
    77/199     7.55G   0.03091   0.03602         0   0.06693        46       640    0.8156    0.5727     0.627     0.365    0.0559    0.1591         0
    78/199     7.55G   0.03056   0.03332         0   0.06388        37       640    0.8385    0.5667    0.6286    0.3649   0.05536    0.1622         0
    79/199     7.55G   0.03078   0.03407         0   0.06485        31       640    0.8257    0.5719    0.6194    0.3618   0.05592    0.1627         0
    80/199     7.55G   0.03047   0.03449         0   0.06496        23       640    0.8025    0.5772    0.6234     0.364   0.05519    0.1602         0
    81/199     7.55G   0.03001   0.03334         0   0.06335        35       640    0.8087     0.576    0.6238    0.3641   0.05512    0.1623         0
    82/199     7.55G   0.03049   0.03405         0   0.06454        87       640    0.8195    0.5684    0.6181     0.364    0.0558    0.1661         0
    83/199     7.55G   0.02995   0.03364         0   0.06359        61       640    0.8289    0.5642    0.6151    0.3662   0.05537    0.1635         0
    84/199     7.55G   0.03011   0.03367         0   0.06378        74       640    0.8099    0.5819    0.6336    0.3716   0.05537    0.1597         0
    85/199     7.55G   0.03033   0.03332         0   0.06364        29       640    0.8135    0.5754    0.6263    0.3693   0.05527    0.1627         0
    86/199     7.55G   0.03074   0.03433         0   0.06506        58       640    0.8482    0.5566    0.6139    0.3641   0.05511    0.1645         0
    87/199     7.55G   0.02978    0.0341         0   0.06388        33       640    0.8293    0.5674    0.6191    0.3719   0.05459    0.1614         0
    88/199     7.55G    0.0296   0.03292         0   0.06252        32       640    0.8377    0.5599    0.6134    0.3687   0.05465     0.167         0
    89/199     7.55G   0.02987   0.03401         0   0.06388       111       640    0.8234    0.5698    0.6234     0.373   0.05518    0.1625         0
    90/199     7.55G   0.02977   0.03338         0   0.06315        72       640    0.8175    0.5672    0.6087      0.37   0.05506    0.1672         0
    91/199     7.55G   0.02973   0.03425         0   0.06398        37       640    0.8229    0.5689    0.6189    0.3744   0.05445    0.1665         0
    92/199     7.55G   0.02974   0.03345         0   0.06319        50       640    0.8371     0.561    0.6198     0.374   0.05439     0.167         0
    93/199     7.55G   0.02943    0.0351         0   0.06452       123       640    0.8469    0.5615    0.6164    0.3746   0.05505     0.164         0
    94/199     7.55G   0.02955   0.03443         0   0.06398        33       640    0.8266    0.5793     0.632    0.3775   0.05483    0.1607         0
    95/199     7.55G    0.0289   0.03404         0   0.06294        54       640    0.8474    0.5584     0.616    0.3765   0.05481     0.168         0
    96/199     7.55G   0.02916   0.03291         0   0.06207        58       640    0.8405    0.5641    0.6206    0.3758   0.05485    0.1682         0
    97/199     7.55G   0.02949   0.03211         0   0.06161        93       640    0.8081    0.5746    0.6151    0.3726    0.0545    0.1685         0
    98/199     7.55G   0.02913   0.03334         0   0.06247        34       640    0.8437    0.5644    0.6189      0.38   0.05482    0.1693         0
    99/199     7.55G   0.02877   0.03312         0    0.0619        41       640    0.8461    0.5645    0.6209    0.3799   0.05428    0.1645         0
   100/199     7.55G   0.02868   0.03396         0   0.06264       109       640    0.8439     0.567    0.6253     0.383   0.05496    0.1662         0
   101/199     7.55G   0.02858   0.03428         0   0.06285        66       640    0.8225     0.577    0.6244     0.382    0.0547    0.1684         0
   102/199     7.55G   0.02848   0.03293         0   0.06141        85       640    0.8563      0.56    0.6256     0.383   0.05415    0.1654         0
   103/199     7.55G   0.02848   0.03277         0   0.06126        43       640    0.8328    0.5703    0.6206    0.3813   0.05454    0.1708         0
   104/199     7.55G   0.02896   0.03255         0   0.06151        28       640    0.8348      0.57    0.6219    0.3829   0.05398    0.1725         0
   105/199     7.55G   0.02835   0.03285         0    0.0612        57       640    0.8592    0.5592     0.624    0.3844   0.05425    0.1688         0
   106/199     7.55G   0.02826   0.03179         0   0.06005        52       640     0.814    0.5853    0.6311    0.3855   0.05431    0.1677         0
   107/199     7.55G   0.02839   0.03287         0   0.06126        78       640    0.8514    0.5714    0.6319    0.3908   0.05364    0.1701         0
   108/199     7.55G   0.02822   0.03275         0   0.06097        45       640    0.8344    0.5757    0.6303    0.3895   0.05395    0.1726         0
   109/199     7.55G   0.02827   0.03342         0   0.06169        46       640    0.8323     0.576    0.6328    0.3892   0.05401    0.1728         0
   110/199     7.55G   0.02788   0.03288         0   0.06076        32       640    0.8489    0.5636    0.6239    0.3842   0.05406    0.1741         0
   111/199     7.55G   0.02752   0.03177         0   0.05928        32       640    0.8354    0.5739    0.6279    0.3902   0.05389    0.1726         0
   112/199     7.55G   0.02783   0.03282         0   0.06066        17       640    0.8409    0.5722    0.6213    0.3852   0.05419     0.171         0
   113/199     7.55G   0.02777   0.03132         0   0.05909        62       640    0.8252    0.5822    0.6294    0.3881   0.05413    0.1711         0
   114/199     7.55G   0.02756   0.03192         0   0.05948        42       640     0.826    0.5825    0.6331    0.3928   0.05343    0.1726         0
   115/199     7.55G   0.02772   0.03171         0   0.05944        98       640    0.8278    0.5759    0.6275    0.3923   0.05392    0.1692         0
   116/199     7.55G   0.02737   0.03175         0   0.05912        77       640    0.8346    0.5728    0.6261    0.3943   0.05291    0.1735         0
   117/199     7.55G   0.02773   0.03178         0   0.05951        61       640    0.8397    0.5706    0.6193     0.389    0.0536    0.1728         0
   118/199     7.55G   0.02736   0.03187         0   0.05923        25       640    0.8507    0.5748    0.6342    0.3934   0.05326    0.1725         0
   119/199     7.55G   0.02714   0.03162         0   0.05875        37       640    0.8467    0.5748    0.6298    0.3941   0.05332    0.1749         0
   120/199     7.55G   0.02702   0.03127         0   0.05828        40       640      0.85    0.5699    0.6248    0.3945   0.05326    0.1769         0
   121/199     7.55G   0.02701   0.03214         0   0.05916        82       640    0.8388    0.5699    0.6161    0.3915   0.05376    0.1785         0
   122/199     7.55G     0.027   0.03226         0   0.05926       104       640    0.8451     0.575    0.6297    0.3953   0.05406    0.1753         0
   123/199     7.55G   0.02678    0.0315         0   0.05829        63       640     0.831    0.5827    0.6356    0.3994   0.05382    0.1733         0
   124/199     7.55G   0.02693   0.03227         0   0.05919        74       640    0.8384    0.5791    0.6297    0.3959   0.05306    0.1752         0
   125/199     7.55G   0.02682   0.03335         0   0.06017        88       640      0.85     0.568    0.6263    0.3971   0.05349    0.1748         0
   126/199     7.55G   0.02706   0.03164         0    0.0587        64       640    0.8475    0.5705    0.6272    0.3962   0.05331    0.1776         0
   127/199     7.55G   0.02663   0.03121         0   0.05783        46       640    0.8605    0.5665    0.6285    0.3969   0.05362    0.1769         0
   128/199     7.55G   0.02673   0.03133         0   0.05806        97       640    0.8468    0.5733     0.625     0.398   0.05363    0.1773         0
   129/199     7.55G   0.02685   0.03069         0   0.05753        45       640    0.8309     0.578    0.6209    0.3945   0.05352      0.18         0
   130/199     7.55G   0.02633   0.03067         0     0.057       108       640    0.8596    0.5642     0.625    0.3956   0.05343    0.1793         0
   131/199     7.55G   0.02644   0.03013         0   0.05658       101       640    0.8446    0.5748    0.6254     0.399   0.05329    0.1796         0
   132/199     7.55G   0.02619   0.03132         0   0.05751        43       640    0.8496     0.571    0.6222    0.3982   0.05296    0.1842         0
   133/199     7.55G   0.02606   0.03142         0   0.05749        86       640    0.8313     0.584    0.6332    0.4039   0.05294    0.1801         0
   134/199     7.55G   0.02581   0.03056         0   0.05636        20       640    0.8348    0.5837     0.633    0.4045    0.0529    0.1806         0
   135/199     7.55G   0.02583   0.03124         0   0.05706       105       640    0.8634    0.5736    0.6407    0.4078   0.05314    0.1777         0
   136/199     7.55G   0.02616   0.03031         0   0.05646       282       640    0.8511    0.5783    0.6337    0.4054   0.05326    0.1793         0
   137/199     7.55G    0.0256   0.03057         0   0.05617        42       640    0.8413    0.5788    0.6294    0.4032    0.0528     0.178         0
   138/199     7.55G   0.02567   0.03143         0    0.0571       103       640    0.8599    0.5676     0.626    0.4039    0.0533    0.1769         0
   139/199     7.55G   0.02558   0.03009         0   0.05567       101       640    0.8519    0.5701    0.6229    0.4026    0.0532    0.1807         0
   140/199     7.55G   0.02581   0.03033         0   0.05614       117       640    0.8468    0.5742    0.6239    0.4041   0.05297    0.1807         0
   141/199     7.55G    0.0257   0.03191         0   0.05761        63       640    0.8655    0.5663    0.6239    0.4044   0.05302    0.1821         0
   142/199     7.55G   0.02552   0.03016         0   0.05568        34       640    0.8349    0.5819    0.6342    0.4064   0.05273    0.1787         0
   143/199     7.55G   0.02538   0.03016         0   0.05554        61       640    0.8561    0.5708    0.6302    0.4048   0.05304    0.1809         0
   144/199     7.55G    0.0256   0.03072         0   0.05632        40       640    0.8512    0.5778    0.6323    0.4041   0.05289    0.1828         0
   145/199     7.55G   0.02496   0.03076         0   0.05572        54       640    0.8515    0.5769    0.6331    0.4061    0.0527     0.182         0
   146/199     7.55G   0.02545   0.03021         0   0.05566        25       640    0.8553    0.5723    0.6292     0.407   0.05271    0.1841         0
   147/199     7.55G   0.02496   0.02995         0   0.05491        41       640     0.852    0.5719     0.627     0.407   0.05289     0.186         0
   148/199     7.55G   0.02515   0.03101         0   0.05616        53       640    0.8567    0.5758     0.632    0.4096   0.05296    0.1824         0
   149/199     7.55G   0.02467    0.0292         0   0.05387        30       640    0.8436     0.581    0.6298    0.4097   0.05305    0.1842         0
   150/199     7.55G   0.02493   0.03039         0   0.05532       105       640    0.8567    0.5708    0.6219    0.4063   0.05291     0.189         0
   151/199     7.55G   0.02513   0.02956         0   0.05469       109       640    0.8555    0.5721    0.6244    0.4078   0.05295    0.1874         0
   152/199     7.55G   0.02497   0.03015         0   0.05511       127       640    0.8484    0.5769     0.627    0.4085   0.05249    0.1865         0
   153/199     7.55G   0.02476   0.02942         0   0.05418        54       640    0.8624    0.5702    0.6274    0.4085   0.05251    0.1851         0
   154/199     7.55G   0.02457   0.03044         0   0.05501        16       640    0.8553    0.5742    0.6294    0.4094   0.05259     0.185         0
   155/199     7.55G   0.02485   0.03041         0   0.05526        82       640    0.8584    0.5734    0.6292    0.4087    0.0526     0.185         0
   156/199     7.55G   0.02459   0.03009         0   0.05468        20       640    0.8567    0.5734    0.6319    0.4099   0.05243    0.1853         0
   157/199     7.55G   0.02435   0.02954         0   0.05389        64       640    0.8459    0.5742    0.6282    0.4089   0.05258    0.1877         0
   158/199     7.55G   0.02449   0.02992         0   0.05441        31       640     0.857    0.5691    0.6249    0.4083   0.05281    0.1889         0
   159/199     7.55G   0.02439   0.02926         0   0.05366        57       640    0.8443    0.5745    0.6252    0.4084   0.05266    0.1888         0
   160/199     7.55G   0.02456   0.02934         0   0.05389        47       640    0.8581    0.5703    0.6238    0.4074   0.05272    0.1867         0
   161/199     7.55G   0.02408   0.03002         0    0.0541        96       640    0.8445    0.5751    0.6249    0.4088   0.05263    0.1876         0
   162/199     7.55G   0.02445   0.02906         0   0.05351       104       640    0.8599    0.5715    0.6274    0.4093   0.05258    0.1874         0
   163/199     7.55G   0.02381   0.02881         0   0.05262        39       640    0.8752     0.567    0.6321    0.4126   0.05255    0.1871         0
   164/199     7.55G   0.02423   0.02993         0   0.05416       111       640    0.8614    0.5711    0.6286    0.4129   0.05257    0.1879         0
   165/199     7.55G   0.02418   0.02878         0   0.05296        55       640    0.8477    0.5774    0.6305    0.4123   0.05262    0.1875         0
   166/199     7.55G    0.0241   0.02919         0   0.05329       105       640    0.8287     0.584    0.6259    0.4114   0.05264     0.189         0
   167/199     7.55G   0.02398   0.02898         0   0.05296       104       640    0.8524    0.5731    0.6261    0.4134   0.05265    0.1892         0
   168/199     7.55G   0.02375   0.02865         0    0.0524        51       640    0.8622    0.5695    0.6282     0.413    0.0527    0.1878         0
   169/199     7.55G   0.02389    0.0287         0   0.05259       104       640    0.8531    0.5741     0.626    0.4121   0.05262    0.1877         0
   170/199     7.55G   0.02376   0.02905         0   0.05281        30       640    0.8532    0.5744    0.6286    0.4131   0.05261    0.1872         0
   171/199     7.55G   0.02386   0.02891         0   0.05277       109       640    0.8552    0.5756    0.6297    0.4132   0.05264    0.1887         0
   172/199     7.55G   0.02379    0.0291         0   0.05289        38       640    0.8515    0.5762    0.6275    0.4131   0.05273    0.1888         0
   173/199     7.55G   0.02382    0.0296         0   0.05341        41       640    0.8382    0.5823    0.6296    0.4146   0.05258    0.1886         0
   174/199     7.55G   0.02354   0.02867         0   0.05221        14       640    0.8542    0.5746    0.6281    0.4145   0.05254    0.1882         0
   175/199     7.55G   0.02344   0.02849         0   0.05193        86       640    0.8495    0.5752    0.6267    0.4152   0.05263    0.1899         0
   176/199     7.55G   0.02357   0.02959         0   0.05317        43       640    0.8405    0.5789    0.6266    0.4152   0.05261    0.1905         0
   177/199     7.55G    0.0239   0.02873         0   0.05264        82       640    0.8351    0.5826    0.6262    0.4151   0.05268    0.1912         0
   178/199     7.55G   0.02337   0.02927         0   0.05264        28       640    0.8457    0.5781    0.6254    0.4146   0.05276    0.1907         0
   179/199     7.55G   0.02336   0.02865         0   0.05201        96       640     0.844    0.5757    0.6218    0.4134   0.05291    0.1917         0
   180/199     7.55G   0.02314   0.02862         0   0.05176        52       640    0.8477    0.5769    0.6259    0.4145   0.05293    0.1904         0
   181/199     7.55G   0.02322   0.02888         0    0.0521        55       640    0.8449     0.579    0.6261     0.414   0.05294     0.191         0
   182/199     7.55G    0.0228   0.02903         0   0.05182       141       640    0.8399    0.5789    0.6243    0.4146   0.05281    0.1924         0
   183/199     7.55G   0.02276   0.02845         0   0.05121        74       640    0.8557    0.5705    0.6253     0.415   0.05283    0.1915         0
   184/199     7.55G   0.02342   0.02891         0   0.05234        44       640    0.8645    0.5649    0.6229    0.4138   0.05286    0.1921         0
   185/199     7.55G   0.02295   0.02945         0    0.0524        60       640    0.8573    0.5711    0.6279    0.4157   0.05277    0.1924         0
   186/199     7.55G   0.02279   0.02785         0   0.05064        68       640    0.8503     0.576    0.6285    0.4152   0.05269    0.1931         0
   187/199     7.55G   0.02268   0.02859         0   0.05127        77       640    0.8613    0.5715    0.6282    0.4148   0.05271    0.1932         0
   188/199     7.55G   0.02307   0.02812         0    0.0512        78       640    0.8394    0.5816    0.6281    0.4145   0.05274    0.1939         0
   189/199     7.55G   0.02315   0.02826         0   0.05141       130       640    0.8383    0.5815    0.6264    0.4139   0.05274    0.1939         0
   190/199     7.55G   0.02286   0.02902         0   0.05188        80       640    0.8429     0.578    0.6239    0.4134   0.05282     0.194         0
   191/199     7.55G   0.02239   0.02777         0   0.05017        52       640    0.8559    0.5723    0.6238    0.4145    0.0528    0.1949         0
   192/199     7.55G   0.02291   0.02856         0   0.05147        77       640    0.8475    0.5752    0.6238    0.4144   0.05265    0.1949         0
   193/199     7.55G   0.02267   0.02835         0   0.05103        64       640    0.8399    0.5794    0.6257    0.4145   0.05273    0.1945         0
   194/199     7.55G   0.02262     0.028         0   0.05062        38       640    0.8626    0.5699    0.6251     0.414   0.05267    0.1961         0
   195/199     7.55G   0.02297   0.02901         0   0.05198        18       640    0.8543    0.5726    0.6244    0.4136   0.05262    0.1965         0
   196/199     7.55G   0.02268   0.02869         0   0.05137        34       640    0.8568    0.5722    0.6238    0.4134   0.05261    0.1964         0
   197/199     7.55G   0.02292   0.02892         0   0.05185        58       640    0.8439    0.5784    0.6254    0.4144   0.05259    0.1961         0
   198/199     7.55G   0.02258   0.02737         0   0.04995        60       640    0.8516    0.5752    0.6267    0.4153   0.05267    0.1958         0
   199/199     7.55G   0.02238   0.02849         0   0.05087        34       640    0.8503    0.5761    0.6283    0.4165   0.05273    0.1952         0
