0 0.652604 0.104630 0.041667 0.111111
0 0.654557 0.052083 0.040365 0.104167
0 0.710547 0.541667 0.048177 0.212963
0 0.736589 0.656713 0.053385 0.233796
0 0.330078 0.804861 0.050781 0.215278
0 0.450130 0.362731 0.053385 0.192130
0 0.417578 0.337269 0.040365 0.196759
0 0.422135 0.192593 0.049479 0.157407
0 0.370703 0.260880 0.035156 0.099537
0 0.406510 0.665509 0.049479 0.229167
0 0.214453 0.332639 0.045573 0.187500
0 0.277344 0.186806 0.039062 0.164352
0 0.235937 0.227315 0.036458 0.171296
0 0.247005 0.182870 0.027344 0.152778
0 0.176432 0.228009 0.035156 0.168981
0 0.149349 0.199537 0.029948 0.171296
0 0.177344 0.143981 0.033854 0.134259
0 0.220052 0.157870 0.033854 0.152778
0 0.262630 0.076852 0.037760 0.101852
0 0.234635 0.046296 0.033854 0.092593
0 0.202083 0.053241 0.041667 0.106481
0 0.750260 0.049769 0.028646 0.099537
0 0.753516 0.134722 0.035156 0.143519
0 0.936458 0.547454 0.052083 0.224537
0 0.959635 0.522454 0.044271 0.233796
0 0.868099 0.367361 0.040365 0.192130
0 0.899089 0.361574 0.037760 0.180556
0 0.897135 0.282407 0.028646 0.101852
0 0.926042 0.306019 0.031250 0.180556
0 0.956641 0.330324 0.029948 0.182870
0 0.985286 0.312963 0.029948 0.166667
0 0.867839 0.230324 0.042969 0.155093
0 0.862891 0.143981 0.035156 0.143519
0 0.494792 0.212269 0.041667 0.150463
0 0.461589 0.203704 0.037760 0.166667
0 0.664062 0.915972 0.072917 0.168981
0 0.552083 0.803704 0.062500 0.250000
0 0.556641 0.229167 0.045573 0.199074
0 0.297135 0.053241 0.028646 0.106481
0 0.828125 0.107639 0.031250 0.122685
0 0.063802 0.539815 0.044271 0.222222
0 0.566667 0.922917 0.067708 0.155093
0 0.459245 0.879630 0.066406 0.240741
0 0.604427 0.309028 0.044271 0.192130