0 0.712500 0.069907 0.036458 0.134259
0 0.652604 0.104630 0.041667 0.111111
0 0.654557 0.052083 0.040365 0.104167
0 0.710547 0.541667 0.048177 0.212963
0 0.736589 0.656713 0.053385 0.233796
0 0.773698 0.956019 0.054688 0.087963
0 0.695312 0.946065 0.057292 0.108796
0 0.330078 0.804861 0.050781 0.215278
0 0.450130 0.362731 0.053385 0.192130
0 0.417578 0.337269 0.040365 0.196759
0 0.422135 0.192593 0.049479 0.157407
0 0.442969 0.157407 0.033854 0.166667
0 0.474609 0.175231 0.037760 0.150463
0 0.370703 0.260880 0.035156 0.099537
0 0.228776 0.277083 0.037760 0.168981
0 0.239193 0.229630 0.037760 0.166667
0 0.190104 0.294444 0.041667 0.175926
0 0.273698 0.127778 0.039062 0.157407
0 0.233724 0.126620 0.035156 0.136574
0 0.203385 0.130787 0.033854 0.159722
0 0.172135 0.153935 0.033854 0.150463
0 0.139974 0.170602 0.040365 0.141204
0 0.225260 0.081481 0.033854 0.138889
0 0.420182 0.685185 0.050781 0.231481
0 0.531510 0.918981 0.059896 0.162037
0 0.554688 0.865046 0.067708 0.243056
0 0.545833 0.358796 0.052083 0.199074
0 0.556641 0.165509 0.050781 0.182870
0 0.983984 0.292130 0.032552 0.171296
0 0.981380 0.516204 0.037760 0.171296
0 0.902995 0.497685 0.050781 0.226852
0 0.930990 0.472222 0.044271 0.222222
0 0.960547 0.284028 0.027344 0.164352
0 0.935547 0.285185 0.032552 0.166667
0 0.911719 0.280093 0.039062 0.180556
0 0.882812 0.338426 0.031250 0.171296
0 0.855469 0.337269 0.044271 0.187500
0 0.882812 0.257407 0.026042 0.101852
0 0.885677 0.118519 0.028646 0.166667
0 0.858984 0.121528 0.037760 0.168981
0 0.845703 0.199537 0.040365 0.162037
0 0.841406 0.093056 0.033854 0.152778
0 0.807292 0.107639 0.031250 0.131944
0 0.750911 0.101852 0.040365 0.148148
0 0.063151 0.599537 0.053385 0.217593
0 0.283464 0.203009 0.032552 0.159722
0 0.161458 0.235417 0.046875 0.159722
0 0.642188 0.885880 0.067708 0.229167