0 0.329036 0.791667 0.055990 0.212963
0 0.735677 0.647454 0.049479 0.206019
0 0.709896 0.539352 0.046875 0.217593
0 0.653255 0.109259 0.048177 0.129630
0 0.654557 0.049769 0.050781 0.099537
0 0.372656 0.256944 0.049479 0.125000
0 0.419922 0.334491 0.042969 0.224537
0 0.422526 0.211806 0.042969 0.127315
0 0.486328 0.824537 0.050781 0.245370
0 0.526693 0.665509 0.053385 0.229167
0 0.464453 0.730324 0.055990 0.219907
0 0.569010 0.366898 0.049479 0.206019
0 0.517578 0.289815 0.040365 0.166667
0 0.481771 0.285185 0.046875 0.166667
0 0.552734 0.109954 0.042969 0.155093
0 0.520443 0.097685 0.037760 0.152778
0 0.489193 0.109259 0.037760 0.166667
0 0.923438 0.472685 0.052083 0.208333
0 0.961849 0.476852 0.035156 0.185185
0 0.956641 0.383565 0.035156 0.094907
0 0.986589 0.415972 0.027344 0.187500
0 0.970052 0.346065 0.039062 0.127315
0 0.928385 0.248148 0.039062 0.175926
0 0.889583 0.248148 0.046875 0.175926
0 0.927734 0.143519 0.032552 0.101852
0 0.893880 0.162500 0.037760 0.115741
0 0.849609 0.188657 0.037760 0.164352
0 0.787760 0.231481 0.039062 0.148148
0 0.776302 0.113889 0.049479 0.129630
0 0.763672 0.061343 0.032552 0.122685
0 0.783464 0.047454 0.027344 0.094907
0 0.642839 0.262037 0.037760 0.157407
0 0.388672 0.671296 0.048177 0.194444
0 0.397396 0.395833 0.036458 0.199074
0 0.212240 0.438657 0.049479 0.192130
0 0.223568 0.300231 0.042969 0.178241
0 0.211198 0.236574 0.033854 0.152778
0 0.191667 0.221528 0.031250 0.168981
0 0.169922 0.196759 0.032552 0.162037
0 0.129167 0.197222 0.036458 0.166667
0 0.144792 0.169444 0.036458 0.166667
0 0.257161 0.156713 0.035156 0.159722
0 0.273047 0.126157 0.032552 0.159722
0 0.225911 0.111111 0.029948 0.101852
0 0.195312 0.099537 0.031250 0.097222
0 0.193620 0.071065 0.035156 0.136574