0 0.414062 0.672454 0.052083 0.215278
0 0.329036 0.791667 0.055990 0.212963
0 0.735677 0.647454 0.049479 0.206019
0 0.709896 0.539352 0.046875 0.217593
0 0.653255 0.109259 0.048177 0.129630
0 0.654557 0.049769 0.050781 0.099537
0 0.372656 0.256944 0.049479 0.125000
0 0.688151 0.941435 0.063802 0.118056
0 0.450781 0.858102 0.054688 0.247685
0 0.548828 0.899769 0.071615 0.201389
0 0.546875 0.745370 0.062500 0.231481
0 0.612891 0.303704 0.050781 0.185185
0 0.552995 0.270139 0.050781 0.201389
0 0.502865 0.243519 0.039062 0.175926
0 0.473958 0.236574 0.046875 0.171296
0 0.439063 0.218056 0.046875 0.171296
0 0.435156 0.381944 0.049479 0.199074
0 0.418880 0.322917 0.042969 0.164352
0 0.062109 0.499306 0.058594 0.206019
0 0.869141 0.177083 0.040365 0.178241
0 0.906901 0.171759 0.037760 0.143519
0 0.954036 0.204167 0.040365 0.152778
0 0.981771 0.363426 0.036458 0.208333
0 0.966797 0.603472 0.058594 0.210648
0 0.954688 0.349537 0.041667 0.189815
0 0.920573 0.407870 0.033854 0.171296
0 0.888672 0.398611 0.048177 0.208333
0 0.909115 0.270139 0.044271 0.145833
0 0.542969 0.065972 0.033854 0.131944
0 0.516536 0.062500 0.040365 0.125000
0 0.481771 0.069444 0.046875 0.138889
0 0.225911 0.380093 0.050781 0.189815
0 0.214453 0.239583 0.040365 0.164352
0 0.252214 0.194907 0.032552 0.171296
0 0.161719 0.187500 0.044271 0.171296
0 0.222266 0.061343 0.035156 0.085648
0 0.252604 0.057870 0.031250 0.115741
0 0.192969 0.075694 0.039062 0.099537
0 0.773047 0.174074 0.042969 0.138889
0 0.767578 0.086806 0.045573 0.145833
0 0.836589 0.142361 0.037760 0.155093