0 0.329036 0.791667 0.055990 0.212963
0 0.735677 0.647454 0.049479 0.206019
0 0.709896 0.539352 0.046875 0.217593
0 0.653255 0.109259 0.048177 0.129630
0 0.654557 0.049769 0.050781 0.099537
0 0.372656 0.256944 0.049479 0.125000
0 0.502865 0.243519 0.039062 0.175926
0 0.473958 0.236574 0.046875 0.171296
0 0.439063 0.218056 0.046875 0.171296
0 0.542969 0.065972 0.033854 0.131944
0 0.516536 0.062500 0.040365 0.125000
0 0.481771 0.069444 0.046875 0.138889
0 0.214453 0.239583 0.040365 0.164352
0 0.252214 0.194907 0.032552 0.171296
0 0.161719 0.187500 0.044271 0.171296
0 0.222266 0.061343 0.035156 0.085648
0 0.252604 0.057870 0.031250 0.115741
0 0.192969 0.075694 0.039062 0.099537
0 0.767578 0.086806 0.045573 0.145833
0 0.393490 0.664352 0.049479 0.236111
0 0.556641 0.319444 0.045573 0.203704
0 0.422135 0.327546 0.049479 0.219907
0 0.414062 0.392361 0.057292 0.219907
0 0.211589 0.282407 0.037760 0.157407
0 0.778255 0.219213 0.042969 0.145833
0 0.839193 0.184491 0.037760 0.150463
0 0.882812 0.237731 0.041667 0.182870
0 0.888021 0.146991 0.036458 0.108796
0 0.918620 0.222685 0.035156 0.162037
0 0.640234 0.255093 0.048177 0.171296
0 0.526302 0.666667 0.059896 0.231481
0 0.487891 0.825231 0.061198 0.261574
0 0.461589 0.738889 0.053385 0.250000
0 0.212500 0.442130 0.062500 0.199074
0 0.921484 0.155093 0.032552 0.152778
0 0.982682 0.407870 0.035156 0.189815
0 0.964193 0.327546 0.032552 0.108796
0 0.948828 0.361574 0.045573 0.069444
0 0.923828 0.466435 0.040365 0.210648
0 0.960286 0.472685 0.050781 0.189815