0 0.329036 0.791667 0.055990 0.212963
0 0.735677 0.647454 0.049479 0.206019
0 0.709896 0.539352 0.046875 0.217593
0 0.653255 0.109259 0.048177 0.129630
0 0.654557 0.049769 0.050781 0.099537
0 0.372656 0.256944 0.049479 0.125000
0 0.502865 0.243519 0.039062 0.175926
0 0.473958 0.236574 0.046875 0.171296
0 0.439063 0.218056 0.046875 0.171296
0 0.435156 0.381944 0.049479 0.199074
0 0.418880 0.322917 0.042969 0.164352
0 0.062109 0.499306 0.058594 0.206019
0 0.954036 0.204167 0.040365 0.152778
0 0.542969 0.065972 0.033854 0.131944
0 0.516536 0.062500 0.040365 0.125000
0 0.481771 0.069444 0.046875 0.138889
0 0.225911 0.380093 0.050781 0.189815
0 0.214453 0.239583 0.040365 0.164352
0 0.252214 0.194907 0.032552 0.171296
0 0.161719 0.187500 0.044271 0.171296
0 0.222266 0.061343 0.035156 0.085648
0 0.252604 0.057870 0.031250 0.115741
0 0.192969 0.075694 0.039062 0.099537
0 0.773047 0.174074 0.042969 0.138889
0 0.767578 0.086806 0.045573 0.145833
0 0.836589 0.142361 0.037760 0.155093
0 0.393490 0.664352 0.049479 0.236111
0 0.457943 0.789815 0.058594 0.240741
0 0.630469 0.280093 0.049479 0.171296
0 0.913411 0.215741 0.029948 0.185185
0 0.882161 0.219907 0.045573 0.180556
0 0.883073 0.152083 0.039062 0.150463
0 0.900391 0.434491 0.045573 0.206019
0 0.941667 0.436343 0.041667 0.178241
0 0.932552 0.371528 0.039062 0.141204
0 0.938802 0.305556 0.039062 0.120370
0 0.972656 0.390509 0.039062 0.201389
0 0.556641 0.319444 0.045573 0.203704
0 0.513281 0.856481 0.065104 0.277778
0 0.532161 0.702546 0.055990 0.247685