0 0.329036 0.791667 0.055990 0.212963
0 0.735677 0.647454 0.049479 0.206019
0 0.709896 0.539352 0.046875 0.217593
0 0.653255 0.109259 0.048177 0.129630
0 0.654557 0.049769 0.050781 0.099537
0 0.372656 0.256944 0.049479 0.125000
0 0.640234 0.255093 0.048177 0.171296
0 0.212500 0.442130 0.062500 0.199074
0 0.571875 0.376157 0.057292 0.215278
0 0.389323 0.399769 0.039062 0.192130
0 0.419922 0.334491 0.042969 0.224537
0 0.422526 0.211806 0.042969 0.127315
0 0.514323 0.307870 0.039062 0.162037
0 0.477214 0.296759 0.037760 0.180556
0 0.554297 0.117361 0.037760 0.145833
0 0.518229 0.105787 0.031250 0.150463
0 0.489844 0.113426 0.033854 0.162037
0 0.224609 0.308333 0.032552 0.175926
0 0.206380 0.253472 0.037760 0.155093
0 0.181250 0.230787 0.031250 0.178241
0 0.160156 0.193750 0.028646 0.168981
0 0.190755 0.110417 0.027344 0.094907
0 0.224870 0.148611 0.035156 0.134259
0 0.258464 0.151620 0.032552 0.173611
0 0.194010 0.072222 0.028646 0.083333
0 0.787109 0.053241 0.027344 0.106481
0 0.762370 0.059028 0.040365 0.118056
0 0.901302 0.175926 0.033854 0.111111
0 0.916016 0.145833 0.035156 0.134259
0 0.422526 0.070602 0.037760 0.141204
0 0.390234 0.069444 0.037760 0.138889
0 0.833594 0.064815 0.033854 0.129630
0 0.525651 0.623843 0.058594 0.219907
0 0.863932 0.214120 0.035156 0.150463
0 0.910417 0.277083 0.041667 0.178241
0 0.944271 0.255787 0.036458 0.168981
0 0.938411 0.515509 0.050781 0.219907
0 0.977214 0.527083 0.042969 0.215278
0 0.972005 0.420139 0.037760 0.099537
0 0.800130 0.262037 0.042969 0.148148
0 0.444010 0.761574 0.054688 0.245370
0 0.455078 0.656713 0.050781 0.187500
0 0.794531 0.125463 0.033854 0.115741
0 0.090495 0.348380 0.040365 0.178241
0 0.226172 0.037037 0.027344 0.074074