0 0.329036 0.791667 0.055990 0.212963
0 0.735677 0.647454 0.049479 0.206019
0 0.709896 0.539352 0.046875 0.217593
0 0.653255 0.109259 0.048177 0.129630
0 0.654557 0.049769 0.050781 0.099537
0 0.372656 0.256944 0.049479 0.125000
0 0.419922 0.334491 0.042969 0.224537
0 0.422526 0.211806 0.042969 0.127315
0 0.224870 0.148611 0.035156 0.134259
0 0.226172 0.037037 0.027344 0.074074
0 0.369141 0.400463 0.045573 0.189815
0 0.377865 0.699074 0.039062 0.212963
0 0.175130 0.196759 0.032552 0.162037
0 0.205078 0.277778 0.035156 0.166667
0 0.232031 0.347222 0.039062 0.175926
0 0.514583 0.339120 0.041667 0.168981
0 0.473958 0.326852 0.036458 0.185185
0 0.555339 0.142361 0.042969 0.164352
0 0.524349 0.043981 0.035156 0.087963
0 0.521745 0.131250 0.040365 0.164352
0 0.492839 0.142824 0.037760 0.168981
0 0.797786 0.065972 0.029948 0.131944
0 0.251953 0.140046 0.035156 0.159722
0 0.198177 0.055556 0.028646 0.111111
0 0.972266 0.309491 0.040365 0.196759
0 0.887630 0.251620 0.042969 0.155093
0 0.969010 0.577546 0.059896 0.219907
0 0.835547 0.328009 0.042969 0.159722
0 0.238932 0.520833 0.050781 0.217593
0 0.566016 0.081019 0.035156 0.125000
0 0.257812 0.052083 0.031250 0.104167
0 0.937109 0.251620 0.042969 0.155093
0 0.946875 0.330324 0.046875 0.192130
0 0.724609 0.214120 0.037760 0.168981
0 0.398698 0.099537 0.039062 0.162037
0 0.854167 0.087963 0.031250 0.138889
0 0.889323 0.089583 0.039062 0.155093
0 0.443620 0.113889 0.040365 0.166667
0 0.599870 0.539352 0.050781 0.245370
0 0.528646 0.528241 0.057292 0.208333
0 0.441016 0.581481 0.055990 0.212963
0 0.118099 0.350000 0.045573 0.185185
0 0.131771 0.278241 0.046875 0.162037