0 0.249016 0.653523 0.151156 0.400797
0 0.407375 0.718516 0.139750 0.552656
0 0.126773 0.549516 0.106672 0.308406
0 0.748602 0.718172 0.165953 0.370719
0 0.711672 0.887375 0.188969 0.218500
0 0.424367 0.453211 0.092484 0.228297
0 0.284195 0.531937 0.080891 0.257625
0 0.164437 0.528937 0.066375 0.279750
0 0.524633 0.443242 0.058641 0.242734
0 0.630477 0.266813 0.020328 0.061750
0 0.657828 0.271703 0.021906 0.065281
0 0.167258 0.408188 0.056391 0.097625
0 0.277805 0.378812 0.046234 0.148250
0 0.342313 0.358281 0.037750 0.122812