0 0.893593 0.368833 0.016815 0.021000
0 0.905019 0.369257 0.017444 0.019069
0 0.869213 0.372840 0.031019 0.017903
0 0.810204 0.373222 0.035222 0.024222
0 0.715028 0.373847 0.018944 0.014361
0 0.798435 0.374472 0.022796 0.026722
0 0.441148 0.382368 0.030444 0.050847
0 0.670269 0.384819 0.025722 0.041861
0 0.689065 0.388014 0.029981 0.034361
0 0.323537 0.387451 0.039667 0.099903
0 0.743324 0.388292 0.019981 0.018250
0 0.405741 0.391340 0.037407 0.088236
0 0.706500 0.396042 0.027815 0.039306
0 0.725343 0.400000 0.017352 0.036111
0 0.740157 0.408500 0.028463 0.030889